1000 1004 1003 1008
1003 1002 1003 1003
1002 1000 1004 8839
1000 1003 1008 1006
5254 1002 1005 1002
1001 1003 1008 1006
1007 1000 2551 1000
1002 1003 1004 2620
1002 1006 1009 1004
1002 1007 1005 1008
1002 1009 1004 1001
7824 1006 1002 1007
1002 1005 1006 6742
1009 1001 1005 1006
3880 1009 1001 1003
9289 1002 1009 1009
1007 1004 1003 1008
1002 1006 6721 3524
1000 1008 1008 1008
1003 1004 1005 1001
1009 1002 6411 1009
1003 1009 1000 1000
3639 3448 1002 1002
1000 1001 1006 1009
1003 1008 1006 1007
5341 1006 7846 1008
1000 1000 1001 1006
1006 1005 1000 1003
1009 1006 1003 1003
1007 1006 1004 1006
1004 1003 1006 1008
1009 1003 1006 1001
1002 1004 6828 1007
1002 1006 1004 1003
1002 1009 1001 1004
9969 1008 1003 1009
1003 1002 1008 1004
1008 1007 1008 1002
1003 1002 1005 1004
9556 1004 1003 1006
1009 1005 1002 1004
1000 1003 1005 1009
1008 1003 1000 1002
1005 1004 1003 1001
1009 1005 1001 1004
1007 1004 1001 1007
1004 1006 1002 1004
1006 1000 1005 1007
1000 3689 1009 1003
3815 1002 1002 1008
