60 28 81 52
47 79 45 17
60 98 71 44
94 15 41 64
68 50 50 30
34 55 48 62
43 82 35 35
90 26 49 35
17 53 85 86
41 42 68 79
11 64 48 28
72 36 70 74
87 90 15 12
26 49 86 34
91 62 47 63
89 90 28 13
78 89 85 73
29 97 81 24
22 39 68 47
45 19 83 39
37 76 23 17
62 44 27 40
57 56 82 70
96 67 63 97
92 65 45 54
13 33 93 69
75 25 52 45
16 34 18 52
87 95 11 40
35 39 11 11
80 48 17 14
76 16 13 60
93 22 43 90
15 71 93 20
33 99 88 26
76 35 57 37
81 66 92 10
40 62 93 65
67 25 30 98
50 53 38 79
58 96 46 32
66 23 51 27
14 69 11 74
36 87 38 75
77 44 27 98
55 32 42 58
19 29 52 95
77 65 24 85
74 84 14 95
18 99 38 16
31 33 10 25
29 54 43 64
97 81 77 20
37 21 32 87
96 24 15 37
51 36 92 33
21 80 12 50
86 59 13 61
99 47 84 12
53 49 32 88
59 88 36 20
36 16 91 94
24 43 49 21
31 64 26 46
59 61 94 96
72 98 37 99
73 42 33 18
23 69 29 41
10 60 30 56
19 28 71 20
12 67 13 63
83 34 31 14
94 46 41 22
71 46 61 63
46 30 83 54
39 38 32 58
54 44 45 55
43 28 40 58
89 57 51 75
78 20 14 51
61 40 66 25
84 41 84 19
23 27 22 22
72 23 97 70
39 38 79 80
21 48 42 31
15 82 88 82
19 10 91 30
91 12 26 83
31 44 57 73
95 66 72 86
29 65 77 56
56 73 21 18
17 59 85 76
74 24 27 75
34 68 89 53
18 55 42 69
16 78 78 92
70 67 25 80
